1.求解线性方程组和矩阵的基本运算
Code：
import numpy as np
from scipy import linalg

A = np.random.rand(4,4)
b = np.random.rand(4,1)
print(A)
print(b)
print(np.linalg.matrix_rank(A))

x = np.linalg.solve(A, b)
print(x) # Ax = b的解
      
print(A.T) # 矩阵的转置

A_det = np.linalg.det(A)
print(A_det) # 矩阵的行列式

rank = np.linalg.matrix_rank(A)
print(rank) # 矩阵的秩

B = np.linalg.inv(A) #矩阵的逆矩阵
print(B)

w,v = np.linalg.eig(A)
print(w) # 特征值
print(v) # 特征向量

Running Results:
In [1]: runfile('C:/Users/28932/Desktop/python/python_homework/6/6_1.py', wdir='C:/Users/28932/Desktop/python/python_homework/6')
[[0.80765983 0.46450032 0.29589654 0.70780713]
 [0.05474842 0.10466235 0.31496258 0.83721367]
 [0.1617568  0.7686839  0.1927264  0.99702908]
 [0.23953937 0.17234576 0.90621729 0.00861027]]
[[0.64059936]
 [0.71776708]
 [0.27427928]
 [0.58657957]]
4
[[ 0.39700202]
 [-0.76775882]
 [ 0.68198469]
 [ 0.67078173]]
[[0.80765983 0.05474842 0.1617568  0.23953937]
 [0.46450032 0.10466235 0.7686839  0.17234576]
 [0.29589654 0.31496258 0.1927264  0.90621729]
 [0.70780713 0.83721367 0.99702908 0.00861027]]
0.3460385643495477
4
[[ 1.48259558 -0.28758118 -0.80920309 -0.21204935]
 [-0.31638512 -1.6965321   1.64623839  0.34284029]
 [-0.33236482  0.38650398 -0.09808636  1.09853912]
 [ 0.06763665  1.27992816 -0.11598359 -0.44226681]]
[ 1.69650658+0.j          0.5592875 +0.j         -0.57106761+0.19641835j
 -0.57106761-0.19641835j]
[[ 0.67317353+0.j          0.93884435+0.j         -0.08060361+0.03813444j
  -0.08060361-0.03813444j]
 [ 0.33929895+0.j         -0.21455126+0.j         -0.60423019-0.2644944j
  -0.60423019+0.2644944j ]
 [ 0.51575064+0.j         -0.25676578+0.j         -0.28814181+0.18401262j
  -0.28814181-0.18401262j]
 [ 0.40708096+0.j         -0.08130425+0.j          0.66340867+0.j
   0.66340867-0.j        ]]
In [2]:

2.计算最小二乘解和矩阵分解
Code：
import numpy as np
from scipy import linalg

# 随机生成矩阵
B = np.random.rand(4, 6)
b = np.random.rand(1, 6)
print(B)
print(b)
print(np.linalg.matrix_rank(B))

C = linalg.inv(B.T@B)
A = C@B.T@B
print(A)


U, s, V = linalg.svd(B)
S = linalg.diagsvd(s, 4, 6)
print(U)
print(S)
print(V)
print(s)
D = B@V.T
E = s*U
print(D)
print(E)
p, l, u = linalg.lu(B)
print(p)
print(l)
print(u)

Running Result：
In [1]: runfile('C:/Users/28932/Desktop/python/python_homework/6/6_2.py', wdir='C:/Users/28932/Desktop/python/python_homework/6')
[[0.10989549 0.02570856 0.6571761  0.75745346 0.98499519 0.56634983]
 [0.3631016  0.48233996 0.21701969 0.58198148 0.17561362 0.39421246]
 [0.82002926 0.33737725 0.22319527 0.04944822 0.73814939 0.71178807]
 [0.25998948 0.48686087 0.97862319 0.19083576 0.6611031  0.75255224]]
[[0.04165182 0.22994285 0.2970497  0.39803639 0.71104082 0.00088102]]
4
[[ 1.67846888  0.42775627 -1.10317929  0.6848788   0.5406374   0.58058407]
 [-0.74432216  0.43099925  0.03937984 -0.24817191 -1.50175135 -0.6288547 ]
 [ 0.78080992  0.21453181 -0.2118614   0.0995257   0.45150124  0.43406506]
 [-0.16219231 -0.17799904 -0.69316851  0.82370895 -0.35155977 -0.44555003]
 [ 0.34241109  0.50614229  1.47150527  0.75892586  1.3998495   1.17731461]
 [-0.11343155  0.30866878  1.83452353 -0.45286328  1.08565853  0.96846359]]
[[-0.56356341 -0.65622593  0.28357573 -0.41394277]
 [-0.32277377  0.12234572  0.6415753   0.68500346]
 [-0.48791869  0.74255882  0.09272708 -0.44938117]
 [-0.58322271 -0.05482194 -0.70665949  0.39683523]]
[[2.46910359 0.         0.         0.         0.         0.        ]
 [0.         0.82288137 0.         0.         0.         0.        ]
 [0.         0.         0.59678663 0.         0.         0.        ]
 [0.         0.         0.         0.55523032 0.         0.        ]]
[[-0.29600707 -0.25059138 -0.45363228 -0.30381385 -0.54980194 -0.49921589]
 [ 0.68901122  0.32322206 -0.35560286 -0.48561245 -0.13734353  0.19913551]
 [ 0.26212986  0.00668059 -0.57853751  0.76729206 -0.01129089 -0.08759598]
 [-0.11184063  0.65082043  0.29659466  0.24967332 -0.64261103  0.02589118]
 [-0.46202739  0.61939826 -0.38389748 -0.14360138  0.46997564 -0.11832483]
 [-0.37809214 -0.15957883 -0.31259085 -0.01350748 -0.21189873  0.82993034]]
[2.46910359 0.82288137 0.59678663 0.55523032]
[[-1.39149644e+00 -5.39996092e-01  1.69234201e-01 -2.29833579e-01
   8.32667268e-17  5.55111512e-17]
 [-7.96961879e-01  1.00676016e-01  3.82883561e-01  3.80334696e-01
  -5.55111512e-17 -5.55111512e-17]
 [-1.20472180e+00  6.11037818e-01  5.53382798e-02 -2.49510051e-01
   4.16333634e-17  1.11022302e-16]
 [-1.44003728e+00 -4.51119494e-02 -4.21724931e-01  2.20334955e-01
  -2.77555756e-17 -1.11022302e-16]]
[[-1.39149644 -0.53999609  0.1692342  -0.22983358]
 [-0.79696188  0.10067602  0.38288356  0.3803347 ]
 [-1.2047218   0.61103782  0.05533828 -0.24951005]
 [-1.44003728 -0.04511195 -0.42172493  0.22033496]]
[[0. 0. 0. 1.]
 [0. 0. 1. 0.]
 [1. 0. 0. 0.]
 [0. 1. 0. 0.]]
[[ 1.          0.          0.          0.        ]
 [ 0.31704903  1.          0.          0.        ]
 [ 0.44279103  0.87643083  1.          0.        ]
 [ 0.1340141  -0.05134237 -0.99467346  1.        ]]
[[ 0.82002926  0.33737725  0.22319527  0.04944822  0.73814939  0.71178807]
 [ 0.          0.37989574  0.90785935  0.17515826  0.42707356  0.52688052]
 [ 0.          0.         -0.6774851   0.40657215 -0.52553273 -0.38273525]
 [ 0.          0.          0.          1.16422628  0.38526628  0.1173149 ]]
In [2]:

3.CSR格式的稀疏矩阵：
Code：
import scipy.sparse as sps
import numpy as np
import scipy.sparse.linalg as spla

row = np.array([0, 0, 1, 2, 2, 3, 3, 4, 4])
col = np.array([0, 2, 3, 1, 4, 2, 4, 3, 4])
data = np.array([1, 2, 3, 4, 5, 6, 7, 8, 9])
csr1 = sps.csr_matrix((data,(row,col)),shape = (5,5))
print(csr1.toarray())
'''
[[1 0 2 0 0]
 [0 0 0 3 0]
 [0 4 0 0 5]
 [0 0 6 0 7]
 [0 0 0 8 9]]
'''

indptr = np.array([0, 2, 3, 5, 7, 9])
indices = np.array([0, 2, 3, 1, 4, 2, 4, 3, 4])
data = np.array([1, 2, 3, 4, 5, 6, 7, 8, 9])
csr2 = sps.csr_matrix((data,indices,indptr),shape = (5,5))
print(csr2.toarray())
'''
[[1 0 2 0 0]
 [0 0 0 3 0]
 [0 4 0 0 5]
 [0 0 6 0 7]
 [0 0 0 8 9]]
'''

b = np.array([4,2,1,3,5])
print(spla.spsolve(csr2,b)) # 求解方程组 csr2*x = b
# [2.91358025 0.2962963 0.54320988 0.66666667 -0.03703704]

Running Results：
In [1]: runfile('C:/Users/28932/Desktop/python/python_homework/6/6_3.py', wdir='C:/Users/28932/Desktop/python/python_homework/6')
[[1 0 2 0 0]
 [0 0 0 3 0]
 [0 4 0 0 5]
 [0 0 6 0 7]
 [0 0 0 8 9]]
[[1 0 2 0 0]
 [0 0 0 3 0]
 [0 4 0 0 5]
 [0 0 6 0 7]
 [0 0 0 8 9]]
[ 2.91358025  0.2962963   0.54320988  0.66666667 -0.03703704]
In [2]:


